Average of 95.4% date range in calBP (defined as 1950 CE)  
3750
3964
3764
3766
2000
3717
2260
3750
3964
3834
3732
3764
3841
4165
4010
3966
4104
3996
4280
4060
3766
3899
4065
3951
4072
4010
4246
4007
4067
1950
3717
4062
4413
4632
825
3985
3700
2997
600
1450
1450
4202
2260
4400
4330
4283
3400
3400
4200
4332
4000
4007
4200
4200
4287
4070
4280
4200
4632
4750
4495
3509
3400
3468
4062
3244
3713
3735
3728
3713
3734
3641
3732
3646
3765
3728
3732
3663
4050
3850
3850
4050
3560
4050
3646
3923
3813
3741
3750
3799
3827
3750
3897
3827
3769
5305
3400
4575
4575
4450
4850
3587
3402
4300
6089
4300
4267
4250
4250
6449
4034
4041
4250
4250
4250
4250
4200
4170
4267
4007
4200
4200
4200
5454
4200
4200
4200
4200
4200
4192
4250
4200
4200
4200
5185
3400
3400
3400
3400
3400
3400
3400
3400
3400
3400
3400
3400
3400
3400
3736
4037
3980
3800
3316
4100
505
4413
4638
5050
5050
4900
4900
5450
5950
5950
5950
5950
4953
3535
3550
3550
3550
3156
3156
3281
5077
10032
10078
10076
10220
8643
8585
8505
8295
8230
51950
51950
8050
45020
41950
51950
51950
8050
7140
45020
6075
5839
3559
100
100
100
100
500
500
500
500
500
500
3200
100
100
100
3200
100
100
100
100
387
1335
1358
8955
8065
8279
8071
6063
6351
8301
2125
2125
1500
2775
2125
1500
1500
1500
9900
9931
9930
2852
9219
7245
34795
27750
27975
26320
32895
15465
14615
12960
11725
2017
1232
1247
1995
1165
1455
1490
1483
1478
2155
2870
2885
2945
6544
5569
5390
9200
11725
11725
12960
7245
4000
4000
4000
4000
3250
4000
3287
3298
3250
3240
3895
3895
3895
3895
3895
6495
6413
6542
6577
4957
4906
4450
4450
2510
6571
8050
7074
606
5128
4285
4270
3794
6340
6615
4950
5050
4950
4950
5050
4066
4250
3875
3785
4297
3465
4018
3675
3675
4627
4727
4658
4350
3897
6906
6566
6807
7549
3475
4850
4766
5059
5071
4952
5079
4778
1358
2650
2250
2250
2300
2300
4279
3650
4573
4573
4573
4573
4573
4573
4573
4407
4627
4670
4573
7853
7815
3704
39610
5790
5541
5458
6357
6400
4225
4241
4255
4140
4250
4249
4290
4387
4406
4285
4350
4580
4580
4253
4735
4350
4350
4337
4350
4350
4350
4350
4350
4411
4607
4282
4114
4188
4225
4225
4225
4225
4408
4225
4287
4225
4225
4225
4287
8280
8280
4471
8505
3530
5845
7125
7079
7026
6950
5163
5171
5163
7215
7131
5700
7569
3807
4106
4001
3987
3909
3995
3800
3800
3800
3800
3800
3800
3800
3800
3800
3791
3800
3800
3800
3800
3800
3775
3823
3843
3721
3737
3800
3769
3793
3819
3741
3811
7125
7125
7751
7569
7747
7595
7703
7626
7180
7650
925
815
8450
1060
1125
6700
6700
4246
4236
4100
4190
4323
4383
5950
5950
5950
5950
5950
5950
5950
5950
5950
5950
5950
5950
5950
5950
5950
5950
315
230
405
395
575
435
315
2070
1065
505
7590
7050
8300
8300
8300
8300
8300
8288
8273
8300
8288
8097
8251
7930
8092
8086
7950
8300
6145
6065
6100
4492
4465
5170
3402
7440
6557
6483
7060
6057
5875
4035
9846
4750
6374
7124
4032
4345
8800
7660
3140
7139
7052
7807
7061
8109
9202
7350
7239
940
10050
10050
9580
9582
9202
4344
8700
6678
6672
5836
5826
7698
24305
16710
3885
800
1550
1550
600
37470
4035
3140
4750
2855
7660
7590
7139
7124
7060
7061
7050
6374
300
300
7325
4700
4700
4700
4700
4700
4850
4850
5035
4850
4575
5244
7815
8280
4672
3304
4032
3362
4622
4060
4497
3905
4104
3813
3979
4023
3739
3795
1431
3214
3843
3348
3312
4706
3629
3969
2621
3859
3989
3741
3693
4122
3954
3961
3802
3808
3015
2902
2955
3059
3019
3752
3494
3257
4117
4705
4631
4674
4597
3555
3700
3550
3700
3700
3904
5245
4693
2253
3429
3292
3100
3288
3100
3100
3550
3351
3569
1145
3636
4732
4610
4744
3322
3448
3000
3000
4850
4711
4850
4935
4446
2821
2875
4627
4284
4200
4282
4492
4200
4106
4200
1200
1235
4000
4000
2950
2550
2647
2450
2450
2450
860
8700
5950
4573
4573
4225
5700
5390
7125
2239
4350
3475
4850
7950
12750
5950
5950
4473
5173
5727
7144
8625
7072
4378
3987
4309
5700
7130
7139
8770
7052
13980
32415
30010
37470
30260
33300
30870
30870
30010
28975
27620
10855
30870
18720
17930
30950
7435
6889
7028
3348
5601
10800
5361
5735
4472
7348
5389
5095
3634
4889
4120
7544
7050
7139
7242
4955
5736
3507
4903
3197
5077
4968
4850
5735
5647
14275
3638
4908
6050
6388
6200
6200
7050
6200
7050
6700
6700
4215
5025
5185
5096
5179
7700
7050
7050
7025
7050
7011
7350
7350
7050
6700
6238
6200
7061
6977
12750
13665
9720
13255
1970
1199
2103
6550
6682
5132
3906
3833
3585
7626
1750
1750
1750
1750
1750
1750
1750
2035
1170
2700
2700
410
4278
8670
8360
4105
645
825
4114
4049
4115
4040
3970
7700
7580
140
147
1018
2818
3150
3558
3626
3728
3587
1168
1094
141
3717
4725
142
140
6978
7125
7125
5181
3703
5389
5394
5450
5044
4850
5750
3994
5000
5000
5033
2733
2500
2227
1119
1118
1147
4600
3600
3600
125
1082
4946
7814
4078
3600
3626
3600
3600
3600
3302
7698
4380
4300
1400
1400
1400
1400
1400
1400
4175
4175
4175
4175
4200
4200
1350
1350
1350
1350
600
600
1350
4069
3991
7828
4709
2913
5000
4836
5129
5455
4067
5087
5456
5463
3954
3600
3600
3600
3600
1477
4618
7836
7860
4707
3986
3600
3600
3787
1122
1122
5557
4285
4673
2235
143
1093
7061
7050
7371
1400
1400
1179
4175
4175
4175
4191
4175
7100
7529
7289
2976
3848
2228
3476
4699
3051
3013
1434
1604
1450
3769
3992
3988
3714
3724
4000
3979
3767
5450
5450
5450
6154
5653
5456
6585
7100
7351
3050
3400
3400
3900
6624
6600
4800
4300
7050
6757
6773
6877
7050
7050
7050
6050
7050
7050
4288
4200
4189
4242
4242
4163
4283
3050
3426
3513
5068
3738
3700
3560
3534
3053
3717
3771
3750
3799
2650
5131
595
5095
825
10074
4035
3950
3597
4066
10643
3509
3507
5066
3544
5099
3507
4935
3485
3521
3507
3558
7150
6977
6875
6969
7150
7150
6380
6691
6600
6600
6600
6050
6089
3200
493
6591
8166
6710
4942
3630
6353
4758
4621
4341
6242
5132
7621
7378
7670
4255
4070
4030
4113
3978
3352
3272
4294
4105
3990
3990
3805
3745
5238
3848
3791
4287
3993
4930
4472
4952
5653
5471
5375
3465
5380
5160
3211
3278
3308
5652
5383
5620
4256
7050
7050
7050
6700
5175
5081
5131
5175
5182
6046
5175
4280
5730
5650
5571
2811
2843
2853
4707
4724
4724
4409
4898
5130
5123
2332
828
5665
5558
5525
5525
5440
5980
5132
2854
4623
4135
3080
9130
4281
4222
4175
4175
7392
7001
7349
39475
9510
9880
9657
9605
9657
7624
7624
10643
7250
7689
6064
7027
4833
5965
8308
4673
4046
9335
3084
6633
3629
3422
3743
3487
3663
3534
3507
3634
3526
3516
7925
140
140
135
7948
7446
6003
6105
6148
7291
7648
7080
6725
215
5950
8489
7671
7377
7379
5949
3631
3550
4915
3596
7689
6064
7027
4833
8765
11465
8006
8017
3516
3512
3663
3587
3641
3629
3482
3516
3238
4200
7934
7889
7905
7875
7635
7983
7752
7675
7817
10200
10371
5122
5132
6453
7980
7845
6388
6304
6515
6307
6448
7336
3400
3900
4289
4284
4200
4282
4492
4250
4200
4106
4250
4150
4100
4100
4250
4250
5100
5100
5100
5123
7140
2260
5950
1175
2220
1935
1870
9250
9580
9005
4115
4753
4742
4754
4605
9118
3475
3482
6639
6672
5450
7637
7976
9222
8308
5044
5450
8450
8450
7872
8506
8458
8455
8505
7803
7813
8363
8000
5529
8123
8115
8763
8058
7600
4168
4172
4300
5454
4250
4250
7592
7700
7088
7017
7056
7571
7551
5131
7026
6569
5485
7901
8001
9800
10835
10008
9800
9993
10333
10805
11196
10530
10785
480
4908
5081
4907
4895
4899
5040
4948
4905
3433
3480
3450
3764
4166
4074
4070
4060
4122
4250
4122
3741
6349
6378
4110
4165
6950
6950
6950
7375
7390
4250
4250
4163
3856
3640
4200
4250
4250
4250
4250
4250
4250
4250
4250
4250
4250
4250
4382
4050
4178
4178
4178
3802
6057
2605
8325
8450
10040
4200
4200
4200
4250
4573
7341
7466
7360
7382
7346
7126
8822
7138
7215
7089
5047
7056
8110
7217
7100
6998
7124
7338
7092
7250
2820
7622
1335
4270
4085
4248
3964
4283
3340
4270
3960
2825
4015
7505
7601
3750
7574
7359
4282
3079
1260
150
140
4721
4250
2200
6950
6950
4942
5600
3350
5464
4255
5600
5600
4038
4595
4250
4330
4080
4252
4850
2811
2851
2850
2829
8838
8156
7684
9800
8704
9800
8600
7892
5200
4899
3750
3524
3485
4096
4200
3739
3400
3900
4200
4200
4200
4200
4200
4200
4200
4200
4250
4250
7334
3249
7200
4000
4500
4500
4150
3601
4250
4250
4100
4150
4250
4250
4113
4254
4285
4117
3838
4200
4050
4100
4142
4175
4251
4151
4121
4200
4200
4200
4200
4200
4200
4200
4550
4250
3940
4357
3940
3799
4201
4100
4550
3736
4250
4200
4550
4550
4550
3455
7830
4200
4150
4327
4250
7900
2617
2024
2614
7756
7115
9131
5378
8814
8825
8704
215
1305
7700
10399
10555
965
3753
7250
3130
4050
4000
4000
3989
4000
4000
4062
4000
4000
4000
2910
4160
4000
4000
4000
1600
1600
2850
5490
5539
5658
5638
5305
9588
5264
5463
5536
5770
5525
5700
5100
5100
4150
4150
4150
4150
2870
2885
2945
4105
4070
5065
8065
140
2826
2855
200
2057
1942
2000
2050
2853
2764
2813
2796
2850
5960
4201
5180
5180
10800
4677
4494
7908
4326
2798
4721
5180
4283
6550
1260
7230
34795
2945
9610
5462
10300
3745
140
4725
4377
5847
150
12750
10050
9875
12750
10050
4330
13265
12750
4604
5530
1014
7906
1094
8697
7906
5945
1094
7359
8940
4604
144
9285
3079
5770
3056
3635
9713
8740
1450
1021
949
942
890
865
3958
3702
4946
4848
4800
4800
4800
4635
5550
4550
4050
4015
3595
3405
3250
4139
3250
3596
4638
4400
4410
5601
5465
3750
3650
3750
3650
3770
15005
8245
9900
14670
32435
14780
8265
27515
15130
9200
8205
10085
2870
2885
2945
32823
34234
34093
33992
790
1909
2041
365
2103
493
378
418
861
994
1015
1159
1329
1600
5871
141
7682
1172
1450
3800
7773
1228
1145
1119
1067
3765
1166
149
1020
1011
1122
141
2950
1119
144
145
2232
3473
2754
2950
2950
140
3213
2216
863
2868
2250
610
383
1143
9800
9800
10000
9973
10052
10093
3037
2924
4846
5569
3550
3550
3550
3550
725
725
725
3800
3800
3800
3800
3800
3800
3900
3898
3800
3800
3853
3800
3800
3800
3800
3800
3800
3800
3800
3800
3800
9892
9940
600
3641
3508
2250
7218
2958
2854
1695
4755
4173
3475
4149
3803
3719
3475
3800
3475
4000
3675
3475
3675
3675
3675
4282
3800
5950
1250
1100
725
1140
600
600
600
600
1150
3800
5076
1100
1100
1150
9900
5950
5950
4650
5350
5050
5050
5050
1355
5785
5460
5620
3982
2900
2900
3900
3900
3900
875
7035
4750
4615
615
4630
5645
5720
5950
4650
5540
1205
1145
5050
1045
1085
4465
1100
4733
4784
1070
1150
5050
1020
610
870
860
1080
1150
5820
6255
1100
1153
1153
1153
1153
1153
5950
9364
9364
8771
8892
8895
9144
5857
11435
11435
1105
1120
1170
1080
665
510
2215
2345
2505
2495
2030
2115
130
2490
130
130
125
2475
2475
6150
7820
6575
7150
4495
6585
2623
2510
2268
2515
2613
2628
2543
2523
2623
2635
6090
6150
6150
6345
4410
5746
7593
4306
4585
4895
8200
6290
3890
8285
5445
5670
3025
2820
2855
3300
7200
6760
2500
3100
3100
3350
1948
3750
1948
2617
2617
3800
8955
1335
8955
14357
14605
14500
14470
14500
14500
14500
2850
2850
3100
3404
3511
3250
4900
4900
4900
4900
4900
4900
4900
4900
2053
3600
3600
3600
6450
3750
2905
3511
4500
4703
4600
4600
4846
4200
4900
5000
5125
4750
4600
4600
4500
4748
4800
4954
4600
3000
3500
4450
5390
5400
5350
5450
1948
617
741
2330
2250
2250
2250
2250
2250
2250
3046
3450
3850
7948
5700
3676
3850
3850
3676
550
550
550
4650
4650
4650
4650
4650
4650
4650
4650
4650
2861
3150
2950
4650
4650
4650
2350
2350
1800
1800
1250
1800
6875
6715
4588
4588
1800
2150
5066
5100
4959
5100
3631
3950
6356
5168
5100
4955
5100
5100
5100
5100
5100
5100
5100
4896
3700
3530
5376
4699
3100
3100
4850
4896
5000
4500
4300
2586
1087
2548
1808
1849
2973
2420
2798
2340
3292
1093
2245
2252
2340
2050
2850
2850
2817
8065
3157
4409
3514
4765
5181
4332
3074
2950
4925
2175
2175
3600
2300
2235
5450
3648
2950
2950
4250
2950
5700
1750
2150
2150
2150
2150
2237
1800
1800
1800
1800
1800
1800
1800
1818
1949
2543
2189
2710
3650
3650
995
4740
7074
5040
4896
5650
3370
7136
3725
5091
4955
5666
1650
1716
1600
1783
787
2550
2702
2529
796
144
860
1600
2560
1613
1700
1243
1724
994
1669
698
2324
2225
2300
2300
2550
2300
1000
2300
2300
2300
1300
2549
2549
1300
1300
1300
850
2536
1600
1600
850
2642
1115
1150
2540
1250
2524
2312
2553
2510
2514
715
2625
2124
2516
1000
998
1000
1738
200
200
2231
2200
2619
1100
2273
1613
1700
2200
1350
1700
1100
3468
852
1050
2300
1516
550
550
2818
1965
3200
4827
4301
4284
3227
4158
1467
2152
1990
2850
2173
2100
2062
2122
2200
2218
2850
2300
2242
1484
2400
1615
2005
2048
2072
2071
2157
2850
1511
1447
1358
1516
2850
1821
1637
1564
1653
1511
2850
1598
1692
1811
1696
1470
1262
1206
2850
1931
1127
1000
1619
1626
1821
791
2850
5264
5135
5450
7941
7727
7701
7645
7840
7392
7336
7341
7246
4121
4200
4200
4331
4200
4040
6990
7585
5610
5608
5456
4626
5461
7803
4710
7559
4706
7242
5147
5181
5181
2806
5150
4112
4494
3800
3800
2900
2900
3800
3800
3800
3800
3800
4700
4700
4700
4193
4069
4070
4283
4300
3963
4300
4300
4300
4079
4555
4482
4300
4300
3977
4253
4300
4411
4300
11259
4903
1455
1480
1430
1445
1511
1455
1455
1445
1528
1455
1513
1489
1500
1553
1506
1488
1350
1650
1622
1476
1491
2200
2200
1445
1483
1455
1405
1430
1430
1430
1455
1510
1430
1430
1455
1430
1455
1430
1363
1491
1400
5050
5050
4638
4638
4638
4638
5050
4650
4750
4650
4750
5050
5950
4200
1755
3750
4112
4006
3400
1215
3542
4225
5102
1948
1215
2350
4450
3850
24450
3400
1215
4172
4450
1168
4732
4850
1170
1165
1075
1350
1350
1350
3061
1350
1350
1350
3275
6555
6790
5785
2300
125
300
2700
2700
1481
649
404
625
4845
1052
414
300
625
625
625
625
625
2700
1344
1550
1466
1550
1463
1454
1550
1550
1550
1550
1550
1550
950
950
989
813
1051
950
950
611
737
3150
1575
4840
3150
3150
1100
1187
811
1762
3150
5148
3150
4384
3150
5090
3150
3150
3150
3150
3150
2625
5337
3150
3150
1477
1489
889
741
4472
5050
5050
5050
5050
5076
4472
291
5050
5169
5050
4800
3400
2550
3971
1350
4072
2550
4953
1350
3400
3511
1350
4650
2850
4945
4331
5068
4917
4064
5816
4955
7950
7217
7125
6870
5650
5650
6890
6980
6980
6980
3691
3550
3550
3400
3594
4116
4363
570
1120
950
990
989
900
1078
900
900
900
900
996
878
900
900
900
900
900
900
900
924
1054
874
900
821
863
11885
1450
2850
2850
2850
2850
2850
2850
2850
2850
2850
2850
2850
5100
2850
2850
2850
2850
2850
2850
3358
2850
2850
2933
5100
2612
2758
5100
5100
2850
1471
2850
2850
5100
2850
5100
2850
5100
2850
2850
5100
2850
2850
2850
2850
2850
2850
5100
2850
2550
2850
2850
2850
2850
2910
2850
2850
2850
2850
1969
3240
3240
2000
2050
2055
2000
863
1013
609
948
356
1724
750
2550
2550
2550
3775
3775
2550
2550
2575
2615
750
750
750
750
750
2422
750
750
2538
90000
12649
1930
1361
1356
1345
1345
1345
1345
1345
1345
1345
1345
1345
1345
1345
1345
1345
1345
1345
1345
1345
1345
1345
1345
1345
1345
1345
1345
1442
1469
1442
1442
1442
1463
1442
1442
1442
1442
1442
1475
1442
1442
1442
1442
1442
1447
1442
1442
1442
1442
1442
1442
1442
1442
1442
1442
1442
1250
1442
1442
1442
1431
1442
1442
1442
2569
1872
2176
2976
7872
2281
5950
416
376
4288
2520
1805
1720
1717
1650
1614
1652
154
2265
2625
2247
2249
2172
2251
4149
3950
1878
1806
2810
2840
2873
3594
3721
3650
3700
3737
3649
3705
3742
3644
3604
3552
3734
3743
1650
2550
2619
2183
1650
1650
1650
2253
2248
2242
2217
2254
2247
1631
1762
1790
1725
2150
2150
2550
1000
3846
5463
5462
5462
6291
6250
6151
6250
6074
6138
6250
5033
6055
4405
4405
4405
4405
5776
1600
1700
1478
1667
1778
3950
6821
7619
7293
4660
500
10970
10970
90
1943
1880
627
1880
10096
10405
10154
10271
9849
8956
4007
2647
4200
4450
3982
1013
2529
4450
2150
2150
1948
2150
1985
2516
2386
1714
2625
2614
2220
2883
3048
3225
3004
3040
3013
3172
3172
2900
3079
3218
3275
3220
3230
3402
3229
2967
3172
3231
2962
11922
13009
7133
7135
7097
6409
8064
5771
5807
7035
15006
8807
9601
15405
9900
9900
10190
10000
9900
42540
43230
51950
43780
38515
51950
7890
7890
3070
11885
1000
950
1025
636
1015
1015
1015
1015
950
236
1015
1015
1015
1000
1015
1025
1025
1025
1025
1000
1015
990
825
1000
1000
1000
1015
1525
1628
1421
1637
800
713
800
724
781
800
702
800
861
725
2235
2185
2410
2615
2905
685
575
725
600
388
365
2560
2245
2150
3115
2250
2510
2560
2520
3065
1763
1934
1975
2255
2230
2530
1975
1975
1975
1763
1763
1763
1813
1813
1813
2750
2950
2660
2370
3060
3055
2950
2820
2745
3070
2910
2795
2580
2555
3055
2945
2820
1700
2750
2800
4730
4714
4757
4747
4735
4470
4743
4908
4728
4676
4741
4749
4768
4675
4634
4753
4725
4715
4725
4725
4737
4725
4725
4725
5588
6415
6336
6798
3745
3475
3475
3475
3475
3475
150
150
1400
1400
1400
1400
1400
1400
1400
5250
5265
4955
4900
5135
4705
5090
4646
5080
5190
5460
6505
6775
5180
5180
5450
5675
5660
5460
5380
5530
5660
5450
5560
5665
5660
5450
5148
5148
5272
5456
4674
4726
5300
6403
4702
3260
6499
6456
5375
5438
5564
5083
5207
4037
4057
3824
3750
4672
4477
5150
5150
5186
4706
3971
5570
6863
4363
6090
4726
4751
5123
4277
4610
5444
5126
4293
5171
4732
5180
5173
5174
4850
4850
4850
6235
4850
10374
5392
1418
9786
3050
3070
6586
4899
4703
4803
1784
2837
7669
7678
7634
7564
7556
7508
1971
1788
2218
1636
1906
2115
1964
2155
2005
1746
4614
608
31950
31950
799
4300
3638
2850
3800
5541
4792
2855
2534
1765
3631
3250
3717
4600
2850
2948
2850
2850
2850
2850
2850
2850
2850
2850
2850
2850
2850
2230
2270
2229
2250
2250
2235
2244
2250
2250
2217
2300
2309
4630
2596
2973
2861
2528
2613
2252
2535
2346
3120
2547
2544
2242
2530
1638
1636
2033
2244
2303
2525
2618
2273
2217
2223
2513
2596
2622
2252
2520
2514
3100
3522
3646
3550
3200
3205
3155
3100
3100
3206
3281
3156
5316
10399
10399
5665
10555
10555
5557
4596
4596
5600
5600
9262
9349
9349
5558
5525
5525
5600
5980
5600
5600
4755
4942
5600
5200
5464
3739
3702
3741
3735
3602
3903
3840
3845
3953
3739
3745
3763
3800
3750
3762
3748
3736
3742
3736
3552
3748
3901
3766
3839
3739
3741
3743
3718
3745
3705
3628
4468
4450
4450
4464
4343
4000
4105
4165
4404
4217
4286
4299
4107
3901
3909
4007
3962
3916
3909
3916
3911
3849
3997
3910
3909
3876
3917
3959
3914
3849
3907
3468
3589
3459
3531
3540
3543
3592
3514
3518
3706
3476
3585
3469
3495
3501
3552
3278
3345
3340
3544
4059
3979
3970
3920
3903
3917
3987
3924
3926
4009
3995
4063
3896
3971
3980
4758
3916
3908
3843
3824
4280
4288
4340
4333
4223
3910
4705
4191
3795
3811
3910
3896
3907
3923
3906
3815
7084
2800
2750
2600
1319
1450
1450
1450
1450
1450
7629
1450
1850
1850
1850
1850
1850
1450
1450
11908
1450
510
1450
465
465
465
1450
1805
1750
1663
1091
946
521
521
521
521
1750
603
1550
1850
1719
1550
1550
1550
1550
1750
1750
1750
1814
1814
1814
1814
1817
9125
7208
7224
7299
7233
2835
3896
5450
4150
4150
4150
4150
4150
7984
1450
1531
1450
1450
1450
1450
1450
1750
1750
1851
7730
1750
1750
1879
2350
1850
2250
1750
1750
1750
2600
2600
2600
1668
1750
4865
1761
1750
595
595
595
595
595
840
850
1045
4840
1045
595
735
960
840
840
1750
1750
1750
1750
7214
1750
1750
1750
1750
1850
1850
1850
10682
1874
1850
1814
1814
2600
2600
7724
300
300
300
7496
3100
9130
5558
5525
5525
5440
5980
4850
4850
5490
5490
5539
5539
5658
5658
5638
5638
5305
5305
5264
5264
5463
5536
5770
5770
5525
5700
5700
5100
5100
10300
10300
7060
5665
7379
7088
3036
3951
8081
8254
8195
8060
8281
7950
7950
4740
8106
7870
7142
5649
5471
6301
3675
4678
4239
7885
7151
6600
6664
6153
7700
5093
5081
7130
7051
7037
7056
7125
6976
7070
7126
7052
7125
7125
7125
7125
7126
7125
7125
7125
7056
7125
7600
6400
5445
1358
2300
6824
5200
5181
2517
6061
6087
4955
8065
9025
4100
795
4500
4665
5690
4743
7700
3800
3271
1600
3637
4900
11950
3705
1450
2850
5100
7890
7810
3070
3110
5080
4495
4510
4240
4630
3790
3720
4675
4705
4740
4955
610
7050
4450
4450
